3.841000000000000000e+03
3.839000000000000000e+03
3.837000000000000000e+03
3.837000000000000000e+03
3.837000000000000000e+03
3.837000000000000000e+03
3.837000000000000000e+03
3.837000000000000000e+03
3.835000000000000000e+03
3.833000000000000000e+03
3.832000000000000000e+03
3.832000000000000000e+03
3.832000000000000000e+03
3.830000000000000000e+03
3.829000000000000000e+03
3.828000000000000000e+03
3.825000000000000000e+03
3.822000000000000000e+03
3.819000000000000000e+03
3.819000000000000000e+03
3.819000000000000000e+03
3.819000000000000000e+03
3.820000000000000000e+03
3.823000000000000000e+03
3.822000000000000000e+03
3.821000000000000000e+03
3.818000000000000000e+03
3.821000000000000000e+03
3.824000000000000000e+03
3.828000000000000000e+03
3.830000000000000000e+03
3.832000000000000000e+03
3.833000000000000000e+03
3.832000000000000000e+03
3.830000000000000000e+03
3.827000000000000000e+03
3.825000000000000000e+03
3.824000000000000000e+03
3.824000000000000000e+03
3.823000000000000000e+03
3.822000000000000000e+03
3.819000000000000000e+03
3.817000000000000000e+03
3.817000000000000000e+03
3.822000000000000000e+03
3.826000000000000000e+03
3.828000000000000000e+03
3.828000000000000000e+03
3.824000000000000000e+03
3.821000000000000000e+03
3.821000000000000000e+03
3.824000000000000000e+03
3.826000000000000000e+03
3.824000000000000000e+03
3.820000000000000000e+03
3.818000000000000000e+03
3.819000000000000000e+03
3.820000000000000000e+03
3.820000000000000000e+03
3.818000000000000000e+03
3.816000000000000000e+03
3.817000000000000000e+03
3.817000000000000000e+03
3.818000000000000000e+03
3.818000000000000000e+03
3.820000000000000000e+03
3.820000000000000000e+03
3.822000000000000000e+03
3.826000000000000000e+03
3.828000000000000000e+03
3.829000000000000000e+03
3.828000000000000000e+03
3.827000000000000000e+03
3.824000000000000000e+03
3.821000000000000000e+03
3.816000000000000000e+03
3.815000000000000000e+03
3.815000000000000000e+03
3.816000000000000000e+03
3.820000000000000000e+03
3.823000000000000000e+03
3.821000000000000000e+03
3.817000000000000000e+03
3.818000000000000000e+03
3.823000000000000000e+03
3.830000000000000000e+03
3.833000000000000000e+03
3.832000000000000000e+03
3.829000000000000000e+03
3.826000000000000000e+03
3.826000000000000000e+03
3.825000000000000000e+03
3.824000000000000000e+03
3.826000000000000000e+03
3.827000000000000000e+03
3.829000000000000000e+03
3.826000000000000000e+03
3.821000000000000000e+03
3.815000000000000000e+03
3.813000000000000000e+03
3.811000000000000000e+03
3.809000000000000000e+03
3.813000000000000000e+03
3.818000000000000000e+03
3.824000000000000000e+03
3.824000000000000000e+03
3.822000000000000000e+03
3.818000000000000000e+03
3.815000000000000000e+03
3.814000000000000000e+03
3.817000000000000000e+03
3.819000000000000000e+03
3.822000000000000000e+03
3.824000000000000000e+03
3.826000000000000000e+03
3.827000000000000000e+03
3.822000000000000000e+03
3.817000000000000000e+03
3.813000000000000000e+03
3.814000000000000000e+03
3.816000000000000000e+03
3.820000000000000000e+03
3.822000000000000000e+03
3.827000000000000000e+03
3.829000000000000000e+03
3.833000000000000000e+03
3.835000000000000000e+03
3.835000000000000000e+03
3.832000000000000000e+03
3.829000000000000000e+03
3.828000000000000000e+03
3.823000000000000000e+03
3.818000000000000000e+03
3.812000000000000000e+03
3.811000000000000000e+03
3.811000000000000000e+03
3.812000000000000000e+03
3.817000000000000000e+03
3.822000000000000000e+03
3.827000000000000000e+03
3.827000000000000000e+03
3.822000000000000000e+03
3.818000000000000000e+03
3.814000000000000000e+03
3.816000000000000000e+03
3.818000000000000000e+03
3.820000000000000000e+03
3.819000000000000000e+03
3.819000000000000000e+03
3.820000000000000000e+03
3.820000000000000000e+03
3.826000000000000000e+03
3.832000000000000000e+03
3.833000000000000000e+03
3.828000000000000000e+03
3.824000000000000000e+03
3.825000000000000000e+03
3.823000000000000000e+03
3.821000000000000000e+03
3.817000000000000000e+03
3.815000000000000000e+03
3.818000000000000000e+03
3.829000000000000000e+03
3.840000000000000000e+03
3.845000000000000000e+03
3.842000000000000000e+03
3.832000000000000000e+03
3.823000000000000000e+03
3.815000000000000000e+03
3.817000000000000000e+03
3.821000000000000000e+03
3.827000000000000000e+03
3.828000000000000000e+03
3.823000000000000000e+03
3.817000000000000000e+03
3.812000000000000000e+03
3.814000000000000000e+03
3.817000000000000000e+03
3.821000000000000000e+03
3.824000000000000000e+03
3.826000000000000000e+03
3.824000000000000000e+03
3.823000000000000000e+03
3.820000000000000000e+03
3.817000000000000000e+03
3.817000000000000000e+03
3.820000000000000000e+03
3.822000000000000000e+03
3.822000000000000000e+03
3.821000000000000000e+03
3.817000000000000000e+03
3.814000000000000000e+03
3.814000000000000000e+03
3.816000000000000000e+03
3.814000000000000000e+03
3.811000000000000000e+03
3.809000000000000000e+03
3.809000000000000000e+03
3.808000000000000000e+03
3.803000000000000000e+03
3.798000000000000000e+03
3.795000000000000000e+03
3.796000000000000000e+03
3.795000000000000000e+03
3.792000000000000000e+03
3.789000000000000000e+03
3.786000000000000000e+03
3.785000000000000000e+03
3.784000000000000000e+03
3.785000000000000000e+03
3.786000000000000000e+03
3.787000000000000000e+03
3.780000000000000000e+03
3.772000000000000000e+03
3.760000000000000000e+03
3.755000000000000000e+03
3.750000000000000000e+03
3.750000000000000000e+03
3.752000000000000000e+03
3.747000000000000000e+03
3.741000000000000000e+03
3.731000000000000000e+03
3.726000000000000000e+03
3.720000000000000000e+03
3.717000000000000000e+03
3.714000000000000000e+03
3.702000000000000000e+03
3.692000000000000000e+03
3.683000000000000000e+03
3.683000000000000000e+03
3.684000000000000000e+03
3.677000000000000000e+03
3.669000000000000000e+03
3.661000000000000000e+03
3.659000000000000000e+03
3.656000000000000000e+03
3.652000000000000000e+03
3.648000000000000000e+03
3.642000000000000000e+03
3.637000000000000000e+03
3.629000000000000000e+03
3.628000000000000000e+03
3.627000000000000000e+03
3.615000000000000000e+03
3.602000000000000000e+03
3.588000000000000000e+03
3.587000000000000000e+03
3.585000000000000000e+03
3.583000000000000000e+03
3.582000000000000000e+03
3.571000000000000000e+03
3.560000000000000000e+03
3.549000000000000000e+03
3.548000000000000000e+03
3.546000000000000000e+03
3.542000000000000000e+03
3.532000000000000000e+03
3.514000000000000000e+03
3.499000000000000000e+03
3.489000000000000000e+03
3.487000000000000000e+03
3.486000000000000000e+03
3.481000000000000000e+03
3.477000000000000000e+03
3.471000000000000000e+03
3.468000000000000000e+03
3.459000000000000000e+03
3.446000000000000000e+03
3.432000000000000000e+03
3.424000000000000000e+03
3.423000000000000000e+03
3.424000000000000000e+03
3.420000000000000000e+03
3.414000000000000000e+03
3.400000000000000000e+03
3.391000000000000000e+03
3.384000000000000000e+03
3.381000000000000000e+03
3.377000000000000000e+03
3.368000000000000000e+03
3.362000000000000000e+03
3.352000000000000000e+03
3.343000000000000000e+03
3.333000000000000000e+03
3.325000000000000000e+03
3.317000000000000000e+03
3.309000000000000000e+03
3.304000000000000000e+03
3.300000000000000000e+03
3.294000000000000000e+03
3.284000000000000000e+03
3.278000000000000000e+03
3.275000000000000000e+03
3.267000000000000000e+03
3.260000000000000000e+03
3.252000000000000000e+03
3.251000000000000000e+03
3.249000000000000000e+03
3.242000000000000000e+03
3.233000000000000000e+03
3.225000000000000000e+03
3.222000000000000000e+03
3.214000000000000000e+03
3.207000000000000000e+03
3.196000000000000000e+03
3.187000000000000000e+03
3.177000000000000000e+03
3.169000000000000000e+03
3.166000000000000000e+03
3.159000000000000000e+03
3.153000000000000000e+03
3.144000000000000000e+03
3.143000000000000000e+03
3.143000000000000000e+03
3.134000000000000000e+03
3.122000000000000000e+03
3.107000000000000000e+03
3.103000000000000000e+03
3.099000000000000000e+03
3.098000000000000000e+03
3.099000000000000000e+03
3.099000000000000000e+03
3.092000000000000000e+03
3.082000000000000000e+03
3.072000000000000000e+03
3.069000000000000000e+03
3.062000000000000000e+03
3.054000000000000000e+03
3.046000000000000000e+03
3.047000000000000000e+03
3.039000000000000000e+03
3.031000000000000000e+03
3.021000000000000000e+03
3.017000000000000000e+03
3.011000000000000000e+03
3.007000000000000000e+03
3.003000000000000000e+03
2.994000000000000000e+03
2.980000000000000000e+03
2.967000000000000000e+03
2.961000000000000000e+03
2.960000000000000000e+03
2.960000000000000000e+03
2.956000000000000000e+03
2.949000000000000000e+03
2.940000000000000000e+03
2.935000000000000000e+03
2.933000000000000000e+03
2.930000000000000000e+03
2.927000000000000000e+03
2.924000000000000000e+03
2.920000000000000000e+03
2.914000000000000000e+03
2.903000000000000000e+03
2.895000000000000000e+03
2.887000000000000000e+03
2.882000000000000000e+03
2.876000000000000000e+03
2.874000000000000000e+03
2.874000000000000000e+03
2.874000000000000000e+03
2.865000000000000000e+03
2.857000000000000000e+03
2.849000000000000000e+03
2.841000000000000000e+03
2.833000000000000000e+03
2.826000000000000000e+03
2.822000000000000000e+03
2.818000000000000000e+03
2.813000000000000000e+03
2.811000000000000000e+03
2.806000000000000000e+03
2.798000000000000000e+03
2.790000000000000000e+03
2.785000000000000000e+03
2.782000000000000000e+03
2.780000000000000000e+03
2.772000000000000000e+03
2.765000000000000000e+03
2.759000000000000000e+03
2.759000000000000000e+03
2.754000000000000000e+03
2.747000000000000000e+03
2.739000000000000000e+03
2.733000000000000000e+03
2.727000000000000000e+03
2.721000000000000000e+03
2.719000000000000000e+03
2.713000000000000000e+03
2.707000000000000000e+03
2.701000000000000000e+03
2.697000000000000000e+03
2.693000000000000000e+03
2.689000000000000000e+03
2.688000000000000000e+03
2.680000000000000000e+03
2.674000000000000000e+03
2.668000000000000000e+03
2.667000000000000000e+03
2.665000000000000000e+03
2.656000000000000000e+03
2.646000000000000000e+03
2.637000000000000000e+03
2.633000000000000000e+03
2.627000000000000000e+03
2.622000000000000000e+03
2.619000000000000000e+03
2.613000000000000000e+03
2.606000000000000000e+03
2.599000000000000000e+03
2.597000000000000000e+03
2.596000000000000000e+03
2.594000000000000000e+03
2.593000000000000000e+03
2.593000000000000000e+03
2.592000000000000000e+03
2.586000000000000000e+03
2.580000000000000000e+03
2.573000000000000000e+03
2.565000000000000000e+03
2.554000000000000000e+03
2.544000000000000000e+03
2.539000000000000000e+03
2.539000000000000000e+03
2.539000000000000000e+03
2.535000000000000000e+03
2.532000000000000000e+03
2.526000000000000000e+03
2.522000000000000000e+03
2.517000000000000000e+03
2.514000000000000000e+03
2.512000000000000000e+03
2.510000000000000000e+03
2.505000000000000000e+03
2.498000000000000000e+03
2.485000000000000000e+03
2.475000000000000000e+03
2.468000000000000000e+03
2.467000000000000000e+03
2.464000000000000000e+03
2.462000000000000000e+03
2.460000000000000000e+03
2.456000000000000000e+03
2.452000000000000000e+03
2.449000000000000000e+03
2.445000000000000000e+03
2.440000000000000000e+03
2.436000000000000000e+03
2.434000000000000000e+03
2.432000000000000000e+03
2.429000000000000000e+03
2.424000000000000000e+03
2.417000000000000000e+03
2.412000000000000000e+03
2.408000000000000000e+03
2.405000000000000000e+03
2.399000000000000000e+03
2.389000000000000000e+03
2.383000000000000000e+03
2.379000000000000000e+03
2.378000000000000000e+03
2.377000000000000000e+03
2.373000000000000000e+03
2.369000000000000000e+03
2.366000000000000000e+03
2.363000000000000000e+03
2.356000000000000000e+03
2.348000000000000000e+03
2.340000000000000000e+03
2.340000000000000000e+03
2.340000000000000000e+03
2.338000000000000000e+03
2.336000000000000000e+03
2.333000000000000000e+03
2.326000000000000000e+03
2.313000000000000000e+03
2.303000000000000000e+03
2.299000000000000000e+03
2.301000000000000000e+03
2.297000000000000000e+03
2.292000000000000000e+03
2.288000000000000000e+03
2.290000000000000000e+03
2.288000000000000000e+03
2.284000000000000000e+03
2.279000000000000000e+03
2.279000000000000000e+03
2.273000000000000000e+03
2.265000000000000000e+03
2.256000000000000000e+03
2.253000000000000000e+03
2.250000000000000000e+03
2.247000000000000000e+03
2.242000000000000000e+03
2.240000000000000000e+03
2.235000000000000000e+03
2.232000000000000000e+03
2.230000000000000000e+03
2.227000000000000000e+03
2.222000000000000000e+03
2.218000000000000000e+03
2.218000000000000000e+03
2.217000000000000000e+03
2.212000000000000000e+03
2.207000000000000000e+03
2.198000000000000000e+03
2.193000000000000000e+03
2.184000000000000000e+03
2.179000000000000000e+03
2.172000000000000000e+03
2.170000000000000000e+03
2.169000000000000000e+03
2.169000000000000000e+03
2.165000000000000000e+03
2.160000000000000000e+03
2.155000000000000000e+03
2.156000000000000000e+03
2.157000000000000000e+03
2.158000000000000000e+03
2.156000000000000000e+03
2.146000000000000000e+03
2.138000000000000000e+03
2.128000000000000000e+03
2.125000000000000000e+03
2.122000000000000000e+03
2.120000000000000000e+03
2.120000000000000000e+03
2.112000000000000000e+03
2.104000000000000000e+03
2.096000000000000000e+03
2.095000000000000000e+03
2.094000000000000000e+03
2.093000000000000000e+03
2.093000000000000000e+03
2.091000000000000000e+03
2.084000000000000000e+03
2.078000000000000000e+03
2.075000000000000000e+03
2.076000000000000000e+03
2.077000000000000000e+03
2.077000000000000000e+03
2.074000000000000000e+03
2.069000000000000000e+03
2.065000000000000000e+03
2.064000000000000000e+03
2.065000000000000000e+03
2.067000000000000000e+03
2.057000000000000000e+03
2.048000000000000000e+03
2.038000000000000000e+03
2.040000000000000000e+03
2.040000000000000000e+03
2.038000000000000000e+03
2.034000000000000000e+03
2.031000000000000000e+03
2.031000000000000000e+03
2.030000000000000000e+03
2.026000000000000000e+03
2.022000000000000000e+03
2.017000000000000000e+03
2.017000000000000000e+03
2.016000000000000000e+03
2.015000000000000000e+03
2.014000000000000000e+03
2.009000000000000000e+03
2.003000000000000000e+03
1.996000000000000000e+03
1.993000000000000000e+03
1.991000000000000000e+03
1.990000000000000000e+03
1.988000000000000000e+03
1.986000000000000000e+03
1.982000000000000000e+03
1.977000000000000000e+03
1.971000000000000000e+03
1.969000000000000000e+03
1.970000000000000000e+03
1.970000000000000000e+03
1.968000000000000000e+03
1.957000000000000000e+03
1.947000000000000000e+03
1.937000000000000000e+03
1.937000000000000000e+03
1.937000000000000000e+03
1.936000000000000000e+03
1.938000000000000000e+03
1.940000000000000000e+03
1.942000000000000000e+03
1.937000000000000000e+03
1.934000000000000000e+03
1.930000000000000000e+03
1.929000000000000000e+03
1.928000000000000000e+03
1.927000000000000000e+03
1.927000000000000000e+03
1.926000000000000000e+03
1.921000000000000000e+03
1.916000000000000000e+03
1.910000000000000000e+03
1.909000000000000000e+03
1.908000000000000000e+03
1.908000000000000000e+03
1.908000000000000000e+03
1.903000000000000000e+03
1.899000000000000000e+03
1.894000000000000000e+03
1.893000000000000000e+03
1.892000000000000000e+03
1.892000000000000000e+03
1.892000000000000000e+03
1.892000000000000000e+03
1.893000000000000000e+03
1.895000000000000000e+03
1.894000000000000000e+03
1.890000000000000000e+03
1.885000000000000000e+03
1.883000000000000000e+03
1.878000000000000000e+03
1.873000000000000000e+03
1.868000000000000000e+03
1.868000000000000000e+03
1.868000000000000000e+03
1.868000000000000000e+03
1.868000000000000000e+03
1.866000000000000000e+03
1.863000000000000000e+03
1.858000000000000000e+03
1.858000000000000000e+03
1.859000000000000000e+03
1.854000000000000000e+03
1.848000000000000000e+03
1.842000000000000000e+03
1.839000000000000000e+03
1.835000000000000000e+03
1.830000000000000000e+03
1.829000000000000000e+03
1.829000000000000000e+03
1.830000000000000000e+03
1.831000000000000000e+03
1.832000000000000000e+03
1.833000000000000000e+03
1.833000000000000000e+03
1.825000000000000000e+03
1.816000000000000000e+03
1.808000000000000000e+03
1.808000000000000000e+03
1.808000000000000000e+03
1.807000000000000000e+03
1.808000000000000000e+03
1.809000000000000000e+03
1.808000000000000000e+03
1.806000000000000000e+03
1.804000000000000000e+03
1.800000000000000000e+03
1.795000000000000000e+03
1.792000000000000000e+03
1.792000000000000000e+03
1.792000000000000000e+03
1.792000000000000000e+03
1.791000000000000000e+03
1.786000000000000000e+03
1.783000000000000000e+03
1.781000000000000000e+03
1.781000000000000000e+03
1.780000000000000000e+03
1.779000000000000000e+03
1.777000000000000000e+03
1.775000000000000000e+03
1.770000000000000000e+03
1.767000000000000000e+03
1.764000000000000000e+03
1.765000000000000000e+03
1.765000000000000000e+03
1.764000000000000000e+03
1.763000000000000000e+03
1.761000000000000000e+03
1.760000000000000000e+03
1.759000000000000000e+03
1.758000000000000000e+03
1.756000000000000000e+03
1.754000000000000000e+03
1.753000000000000000e+03
1.751000000000000000e+03
1.747000000000000000e+03
1.745000000000000000e+03
1.741000000000000000e+03
1.740000000000000000e+03
1.738000000000000000e+03
1.738000000000000000e+03
1.739000000000000000e+03
1.739000000000000000e+03
1.739000000000000000e+03
1.735000000000000000e+03
1.731000000000000000e+03
1.727000000000000000e+03
1.727000000000000000e+03
1.726000000000000000e+03
1.726000000000000000e+03
1.723000000000000000e+03
1.720000000000000000e+03
1.714000000000000000e+03
1.713000000000000000e+03
1.711000000000000000e+03
1.712000000000000000e+03
1.712000000000000000e+03
1.711000000000000000e+03
1.711000000000000000e+03
1.709000000000000000e+03
1.706000000000000000e+03
1.702000000000000000e+03
1.698000000000000000e+03
1.697000000000000000e+03
1.693000000000000000e+03
1.689000000000000000e+03
1.687000000000000000e+03
1.690000000000000000e+03
1.693000000000000000e+03
1.693000000000000000e+03
1.692000000000000000e+03
1.690000000000000000e+03
1.685000000000000000e+03
1.681000000000000000e+03
1.680000000000000000e+03
1.681000000000000000e+03
1.682000000000000000e+03
1.678000000000000000e+03
1.674000000000000000e+03
1.669000000000000000e+03
1.668000000000000000e+03
1.670000000000000000e+03
1.671000000000000000e+03
1.669000000000000000e+03
1.667000000000000000e+03
1.664000000000000000e+03
1.664000000000000000e+03
1.662000000000000000e+03
1.661000000000000000e+03
1.659000000000000000e+03
1.657000000000000000e+03
1.655000000000000000e+03
1.652000000000000000e+03
1.651000000000000000e+03
1.649000000000000000e+03
1.647000000000000000e+03
1.646000000000000000e+03
1.644000000000000000e+03
1.642000000000000000e+03
1.639000000000000000e+03
1.637000000000000000e+03
1.637000000000000000e+03
1.637000000000000000e+03
1.638000000000000000e+03
1.638000000000000000e+03
1.637000000000000000e+03
1.634000000000000000e+03
1.632000000000000000e+03
1.629000000000000000e+03
1.629000000000000000e+03
1.629000000000000000e+03
1.628000000000000000e+03
1.625000000000000000e+03
1.623000000000000000e+03
1.620000000000000000e+03
1.620000000000000000e+03
1.619000000000000000e+03
1.618000000000000000e+03
1.617000000000000000e+03
1.617000000000000000e+03
1.617000000000000000e+03
1.616000000000000000e+03
1.616000000000000000e+03
1.614000000000000000e+03
1.613000000000000000e+03
1.611000000000000000e+03
1.611000000000000000e+03
1.609000000000000000e+03
1.607000000000000000e+03
1.605000000000000000e+03
1.605000000000000000e+03
1.606000000000000000e+03
1.606000000000000000e+03
1.605000000000000000e+03
1.603000000000000000e+03
1.601000000000000000e+03
1.599000000000000000e+03
1.597000000000000000e+03
1.594000000000000000e+03
1.592000000000000000e+03
1.592000000000000000e+03
1.593000000000000000e+03
1.591000000000000000e+03
1.588000000000000000e+03
1.586000000000000000e+03
1.586000000000000000e+03
1.586000000000000000e+03
1.585000000000000000e+03
1.584000000000000000e+03
1.583000000000000000e+03
1.582000000000000000e+03
1.581000000000000000e+03
1.581000000000000000e+03
1.581000000000000000e+03
1.579000000000000000e+03
1.576000000000000000e+03
1.573000000000000000e+03
1.572000000000000000e+03
1.570000000000000000e+03
1.568000000000000000e+03
1.566000000000000000e+03
1.565000000000000000e+03
1.565000000000000000e+03
1.565000000000000000e+03
1.565000000000000000e+03
1.565000000000000000e+03
1.564000000000000000e+03
1.563000000000000000e+03
1.561000000000000000e+03
1.560000000000000000e+03
1.560000000000000000e+03
1.558000000000000000e+03
1.556000000000000000e+03
1.554000000000000000e+03
1.552000000000000000e+03
1.550000000000000000e+03
1.548000000000000000e+03
1.548000000000000000e+03
1.547000000000000000e+03
1.546000000000000000e+03
1.545000000000000000e+03
1.544000000000000000e+03
1.545000000000000000e+03
1.545000000000000000e+03
1.545000000000000000e+03
1.544000000000000000e+03
1.540000000000000000e+03
1.536000000000000000e+03
1.534000000000000000e+03
1.533000000000000000e+03
1.532000000000000000e+03
1.532000000000000000e+03
1.531000000000000000e+03
1.531000000000000000e+03
1.531000000000000000e+03
1.529000000000000000e+03
1.527000000000000000e+03
1.525000000000000000e+03
1.525000000000000000e+03
1.525000000000000000e+03
1.527000000000000000e+03
1.528000000000000000e+03
1.525000000000000000e+03
1.522000000000000000e+03
1.518000000000000000e+03
1.519000000000000000e+03
1.519000000000000000e+03
1.520000000000000000e+03
1.519000000000000000e+03
1.518000000000000000e+03
1.513000000000000000e+03
1.508000000000000000e+03
1.504000000000000000e+03
1.505000000000000000e+03
1.506000000000000000e+03
1.506000000000000000e+03
1.506000000000000000e+03
1.506000000000000000e+03
1.507000000000000000e+03
1.508000000000000000e+03
1.506000000000000000e+03
1.503000000000000000e+03
1.499000000000000000e+03
1.499000000000000000e+03
1.499000000000000000e+03
1.500000000000000000e+03
1.500000000000000000e+03
1.498000000000000000e+03
1.497000000000000000e+03
1.496000000000000000e+03
1.496000000000000000e+03
1.496000000000000000e+03
1.494000000000000000e+03
1.493000000000000000e+03
1.490000000000000000e+03
1.490000000000000000e+03
1.489000000000000000e+03
1.488000000000000000e+03
1.486000000000000000e+03
1.485000000000000000e+03
1.485000000000000000e+03
1.485000000000000000e+03
1.486000000000000000e+03
1.485000000000000000e+03
1.485000000000000000e+03
1.484000000000000000e+03
1.481000000000000000e+03
1.479000000000000000e+03
1.477000000000000000e+03
1.477000000000000000e+03
1.475000000000000000e+03
1.472000000000000000e+03
1.470000000000000000e+03
1.469000000000000000e+03
1.469000000000000000e+03
1.470000000000000000e+03
1.470000000000000000e+03
1.470000000000000000e+03
1.470000000000000000e+03
1.470000000000000000e+03
1.470000000000000000e+03
1.470000000000000000e+03
1.466000000000000000e+03
1.463000000000000000e+03
1.460000000000000000e+03
1.461000000000000000e+03
1.462000000000000000e+03
1.462000000000000000e+03
1.461000000000000000e+03
1.460000000000000000e+03
1.461000000000000000e+03
1.462000000000000000e+03
1.462000000000000000e+03
1.461000000000000000e+03
1.459000000000000000e+03
1.458000000000000000e+03
1.458000000000000000e+03
1.457000000000000000e+03
1.455000000000000000e+03
1.453000000000000000e+03
1.451000000000000000e+03
1.449000000000000000e+03
1.447000000000000000e+03
1.444000000000000000e+03
1.442000000000000000e+03
1.442000000000000000e+03
1.441000000000000000e+03
1.439000000000000000e+03
1.436000000000000000e+03
1.434000000000000000e+03
1.435000000000000000e+03
1.435000000000000000e+03
1.434000000000000000e+03
1.434000000000000000e+03
1.433000000000000000e+03
1.432000000000000000e+03
1.431000000000000000e+03
1.429000000000000000e+03
1.429000000000000000e+03
1.428000000000000000e+03
1.429000000000000000e+03
1.429000000000000000e+03
1.429000000000000000e+03
1.428000000000000000e+03
1.427000000000000000e+03
1.426000000000000000e+03
1.426000000000000000e+03
1.427000000000000000e+03
1.428000000000000000e+03
1.428000000000000000e+03
1.428000000000000000e+03
1.425000000000000000e+03
1.422000000000000000e+03
1.418000000000000000e+03
1.417000000000000000e+03
1.417000000000000000e+03
1.416000000000000000e+03
1.417000000000000000e+03
1.418000000000000000e+03
1.419000000000000000e+03
1.419000000000000000e+03
1.418000000000000000e+03
1.416000000000000000e+03
1.415000000000000000e+03
1.414000000000000000e+03
1.415000000000000000e+03
1.414000000000000000e+03
1.414000000000000000e+03
1.410000000000000000e+03
1.406000000000000000e+03
1.404000000000000000e+03
1.406000000000000000e+03
1.409000000000000000e+03
1.408000000000000000e+03
1.406000000000000000e+03
1.404000000000000000e+03
1.401000000000000000e+03
1.399000000000000000e+03
1.398000000000000000e+03
1.397000000000000000e+03
1.396000000000000000e+03
1.396000000000000000e+03
1.395000000000000000e+03
1.395000000000000000e+03
1.396000000000000000e+03
1.396000000000000000e+03
1.395000000000000000e+03
1.394000000000000000e+03
1.393000000000000000e+03
1.393000000000000000e+03
1.393000000000000000e+03
1.392000000000000000e+03
1.393000000000000000e+03
1.391000000000000000e+03
1.390000000000000000e+03
1.388000000000000000e+03
1.388000000000000000e+03
1.385000000000000000e+03
1.383000000000000000e+03
1.377000000000000000e+03
1.374000000000000000e+03
1.372000000000000000e+03
1.373000000000000000e+03
1.373000000000000000e+03
1.374000000000000000e+03
1.375000000000000000e+03
1.376000000000000000e+03
1.378000000000000000e+03
1.379000000000000000e+03
1.376000000000000000e+03
1.372000000000000000e+03
1.368000000000000000e+03
1.368000000000000000e+03
1.368000000000000000e+03
1.368000000000000000e+03
1.369000000000000000e+03
1.369000000000000000e+03
1.366000000000000000e+03
1.362000000000000000e+03
1.359000000000000000e+03
1.359000000000000000e+03
1.359000000000000000e+03
1.361000000000000000e+03
1.361000000000000000e+03
1.361000000000000000e+03
1.359000000000000000e+03
1.358000000000000000e+03
1.357000000000000000e+03
1.358000000000000000e+03
1.359000000000000000e+03
1.359000000000000000e+03
1.358000000000000000e+03
1.356000000000000000e+03
1.354000000000000000e+03
1.352000000000000000e+03
1.352000000000000000e+03
1.352000000000000000e+03
1.349000000000000000e+03
1.346000000000000000e+03
1.344000000000000000e+03
1.344000000000000000e+03
1.345000000000000000e+03
1.345000000000000000e+03
1.344000000000000000e+03
1.343000000000000000e+03
1.342000000000000000e+03
1.340000000000000000e+03
1.336000000000000000e+03
1.333000000000000000e+03
1.332000000000000000e+03
1.333000000000000000e+03
1.334000000000000000e+03
1.335000000000000000e+03
1.335000000000000000e+03
1.336000000000000000e+03
1.336000000000000000e+03
1.337000000000000000e+03
1.334000000000000000e+03
1.332000000000000000e+03
1.333000000000000000e+03
1.337000000000000000e+03
1.337000000000000000e+03
1.335000000000000000e+03
1.332000000000000000e+03
1.331000000000000000e+03
1.329000000000000000e+03
1.327000000000000000e+03
1.324000000000000000e+03
1.323000000000000000e+03
1.322000000000000000e+03
1.321000000000000000e+03
1.321000000000000000e+03
1.321000000000000000e+03
1.321000000000000000e+03
1.321000000000000000e+03
1.321000000000000000e+03
1.322000000000000000e+03
1.323000000000000000e+03
1.324000000000000000e+03
1.323000000000000000e+03
1.321000000000000000e+03
1.318000000000000000e+03
1.316000000000000000e+03
1.315000000000000000e+03
1.313000000000000000e+03
1.312000000000000000e+03
1.311000000000000000e+03
1.310000000000000000e+03
1.310000000000000000e+03
1.310000000000000000e+03
1.310000000000000000e+03
1.310000000000000000e+03
1.311000000000000000e+03
1.309000000000000000e+03
1.306000000000000000e+03
1.305000000000000000e+03
1.306000000000000000e+03
1.307000000000000000e+03
1.307000000000000000e+03
1.306000000000000000e+03
1.305000000000000000e+03
1.303000000000000000e+03
1.303000000000000000e+03
1.302000000000000000e+03
1.302000000000000000e+03
1.301000000000000000e+03
1.299000000000000000e+03
1.300000000000000000e+03
1.302000000000000000e+03
1.301000000000000000e+03
1.299000000000000000e+03
1.295000000000000000e+03
1.294000000000000000e+03
1.295000000000000000e+03
1.297000000000000000e+03
1.297000000000000000e+03
1.295000000000000000e+03
1.292000000000000000e+03
1.292000000000000000e+03
1.291000000000000000e+03
1.291000000000000000e+03
1.290000000000000000e+03
1.289000000000000000e+03
1.289000000000000000e+03
1.290000000000000000e+03
1.288000000000000000e+03
1.287000000000000000e+03
1.286000000000000000e+03
1.288000000000000000e+03
1.290000000000000000e+03
1.292000000000000000e+03
1.291000000000000000e+03
1.288000000000000000e+03
1.286000000000000000e+03
1.283000000000000000e+03
1.284000000000000000e+03
1.285000000000000000e+03
1.286000000000000000e+03
1.286000000000000000e+03
1.286000000000000000e+03
1.286000000000000000e+03
1.285000000000000000e+03
1.282000000000000000e+03
1.279000000000000000e+03
1.277000000000000000e+03
1.278000000000000000e+03
1.280000000000000000e+03
1.280000000000000000e+03
1.279000000000000000e+03
1.278000000000000000e+03
1.277000000000000000e+03
1.278000000000000000e+03
1.275000000000000000e+03
1.272000000000000000e+03
1.270000000000000000e+03
1.271000000000000000e+03
1.272000000000000000e+03
1.271000000000000000e+03
1.272000000000000000e+03
1.273000000000000000e+03
1.272000000000000000e+03
1.270000000000000000e+03
1.268000000000000000e+03
1.267000000000000000e+03
1.268000000000000000e+03
1.268000000000000000e+03
1.269000000000000000e+03
1.268000000000000000e+03
1.267000000000000000e+03
1.266000000000000000e+03
1.266000000000000000e+03
1.267000000000000000e+03
1.268000000000000000e+03
1.268000000000000000e+03
1.266000000000000000e+03
1.264000000000000000e+03
1.264000000000000000e+03
1.263000000000000000e+03
1.262000000000000000e+03
1.260000000000000000e+03
1.261000000000000000e+03
1.262000000000000000e+03
1.263000000000000000e+03
1.263000000000000000e+03
1.263000000000000000e+03
1.262000000000000000e+03
1.262000000000000000e+03
1.261000000000000000e+03
1.261000000000000000e+03
1.260000000000000000e+03
1.258000000000000000e+03
1.256000000000000000e+03
1.254000000000000000e+03
1.253000000000000000e+03
1.255000000000000000e+03
1.257000000000000000e+03
1.259000000000000000e+03
1.257000000000000000e+03
1.256000000000000000e+03
1.254000000000000000e+03
1.254000000000000000e+03
1.254000000000000000e+03
1.254000000000000000e+03
1.254000000000000000e+03
1.254000000000000000e+03
1.254000000000000000e+03
1.254000000000000000e+03
1.255000000000000000e+03
1.256000000000000000e+03
1.257000000000000000e+03
1.257000000000000000e+03
1.257000000000000000e+03
1.257000000000000000e+03
1.257000000000000000e+03
1.254000000000000000e+03
1.252000000000000000e+03
1.249000000000000000e+03
1.249000000000000000e+03
1.250000000000000000e+03
1.250000000000000000e+03
1.248000000000000000e+03
1.246000000000000000e+03
1.243000000000000000e+03
1.243000000000000000e+03
1.243000000000000000e+03
1.243000000000000000e+03
1.245000000000000000e+03
1.246000000000000000e+03
1.247000000000000000e+03
1.247000000000000000e+03
1.246000000000000000e+03
1.244000000000000000e+03
1.242000000000000000e+03
1.240000000000000000e+03
1.238000000000000000e+03
1.236000000000000000e+03
1.236000000000000000e+03
1.237000000000000000e+03
1.238000000000000000e+03
1.238000000000000000e+03
1.240000000000000000e+03
1.242000000000000000e+03
1.244000000000000000e+03
1.244000000000000000e+03
1.244000000000000000e+03
1.244000000000000000e+03
1.243000000000000000e+03
1.242000000000000000e+03
1.242000000000000000e+03
1.238000000000000000e+03
1.234000000000000000e+03
1.230000000000000000e+03
1.228000000000000000e+03
1.228000000000000000e+03
1.231000000000000000e+03
1.234000000000000000e+03
1.235000000000000000e+03
1.235000000000000000e+03
1.234000000000000000e+03
1.233000000000000000e+03
1.231000000000000000e+03
1.230000000000000000e+03
1.231000000000000000e+03
1.232000000000000000e+03
1.232000000000000000e+03
1.230000000000000000e+03
1.229000000000000000e+03
1.228000000000000000e+03
1.227000000000000000e+03
1.228000000000000000e+03
1.229000000000000000e+03
1.230000000000000000e+03
1.229000000000000000e+03
1.226000000000000000e+03
1.224000000000000000e+03
1.222000000000000000e+03
1.224000000000000000e+03
1.225000000000000000e+03
1.226000000000000000e+03
1.225000000000000000e+03
1.225000000000000000e+03
1.225000000000000000e+03
1.226000000000000000e+03
1.225000000000000000e+03
1.224000000000000000e+03
1.223000000000000000e+03
1.223000000000000000e+03
1.223000000000000000e+03
1.223000000000000000e+03
1.223000000000000000e+03
1.224000000000000000e+03
1.224000000000000000e+03
1.222000000000000000e+03
1.220000000000000000e+03
1.218000000000000000e+03
1.218000000000000000e+03
1.218000000000000000e+03
1.218000000000000000e+03
1.218000000000000000e+03
1.218000000000000000e+03
1.218000000000000000e+03
1.218000000000000000e+03
1.219000000000000000e+03
1.218000000000000000e+03
1.218000000000000000e+03
1.214000000000000000e+03
1.211000000000000000e+03
1.210000000000000000e+03
1.211000000000000000e+03
1.214000000000000000e+03
1.216000000000000000e+03
1.217000000000000000e+03
1.214000000000000000e+03
1.211000000000000000e+03
1.210000000000000000e+03
1.211000000000000000e+03
1.210000000000000000e+03
1.208000000000000000e+03
1.207000000000000000e+03
1.208000000000000000e+03
1.209000000000000000e+03
1.210000000000000000e+03
1.211000000000000000e+03
1.208000000000000000e+03
1.204000000000000000e+03
1.201000000000000000e+03
1.201000000000000000e+03
1.202000000000000000e+03
1.201000000000000000e+03
1.203000000000000000e+03
1.205000000000000000e+03
1.204000000000000000e+03
1.202000000000000000e+03
1.200000000000000000e+03
1.200000000000000000e+03
1.200000000000000000e+03
1.200000000000000000e+03
1.200000000000000000e+03
1.201000000000000000e+03
1.203000000000000000e+03
1.205000000000000000e+03
1.205000000000000000e+03
1.204000000000000000e+03
1.203000000000000000e+03
1.202000000000000000e+03
1.202000000000000000e+03
1.201000000000000000e+03
1.201000000000000000e+03
1.199000000000000000e+03
1.198000000000000000e+03
1.197000000000000000e+03
1.197000000000000000e+03
1.196000000000000000e+03
1.196000000000000000e+03
1.197000000000000000e+03
1.198000000000000000e+03
1.198000000000000000e+03
1.197000000000000000e+03
1.196000000000000000e+03
1.196000000000000000e+03
1.196000000000000000e+03
1.196000000000000000e+03
1.196000000000000000e+03
1.195000000000000000e+03
1.194000000000000000e+03
1.194000000000000000e+03
1.194000000000000000e+03
1.194000000000000000e+03
1.194000000000000000e+03
1.193000000000000000e+03
1.190000000000000000e+03
1.188000000000000000e+03
1.187000000000000000e+03
1.187000000000000000e+03
1.188000000000000000e+03
1.188000000000000000e+03
1.188000000000000000e+03
1.189000000000000000e+03
1.191000000000000000e+03
1.194000000000000000e+03
1.195000000000000000e+03
1.194000000000000000e+03
1.194000000000000000e+03
1.194000000000000000e+03
1.195000000000000000e+03
1.195000000000000000e+03
1.195000000000000000e+03
1.195000000000000000e+03
1.194000000000000000e+03
1.192000000000000000e+03
1.190000000000000000e+03
1.187000000000000000e+03
1.187000000000000000e+03
1.188000000000000000e+03
1.187000000000000000e+03
1.187000000000000000e+03
1.187000000000000000e+03
1.187000000000000000e+03
1.186000000000000000e+03
1.186000000000000000e+03
1.185000000000000000e+03
1.183000000000000000e+03
1.181000000000000000e+03
1.180000000000000000e+03
1.181000000000000000e+03
1.183000000000000000e+03
1.183000000000000000e+03
1.183000000000000000e+03
1.182000000000000000e+03
1.182000000000000000e+03
1.182000000000000000e+03
1.182000000000000000e+03
1.181000000000000000e+03
1.180000000000000000e+03
1.181000000000000000e+03
1.183000000000000000e+03
1.185000000000000000e+03
1.186000000000000000e+03
1.187000000000000000e+03
1.184000000000000000e+03
1.181000000000000000e+03
1.178000000000000000e+03
1.179000000000000000e+03
1.180000000000000000e+03
1.180000000000000000e+03
1.180000000000000000e+03
1.180000000000000000e+03
1.179000000000000000e+03
1.178000000000000000e+03
1.175000000000000000e+03
1.174000000000000000e+03
1.173000000000000000e+03
1.174000000000000000e+03
1.174000000000000000e+03
1.174000000000000000e+03
1.173000000000000000e+03
1.175000000000000000e+03
1.176000000000000000e+03
1.178000000000000000e+03
1.179000000000000000e+03
1.178000000000000000e+03
1.176000000000000000e+03
1.175000000000000000e+03
1.175000000000000000e+03
1.176000000000000000e+03
1.176000000000000000e+03
1.177000000000000000e+03
1.176000000000000000e+03
1.175000000000000000e+03
1.175000000000000000e+03
1.175000000000000000e+03
1.175000000000000000e+03
1.175000000000000000e+03
1.175000000000000000e+03
1.174000000000000000e+03
1.174000000000000000e+03
1.174000000000000000e+03
1.174000000000000000e+03
1.173000000000000000e+03
1.173000000000000000e+03
1.169000000000000000e+03
1.166000000000000000e+03
1.164000000000000000e+03
1.164000000000000000e+03
1.165000000000000000e+03
1.163000000000000000e+03
1.166000000000000000e+03
1.170000000000000000e+03
1.174000000000000000e+03
1.174000000000000000e+03
1.173000000000000000e+03
1.172000000000000000e+03
1.171000000000000000e+03
1.170000000000000000e+03
1.168000000000000000e+03
1.167000000000000000e+03
1.166000000000000000e+03
1.165000000000000000e+03
1.165000000000000000e+03
1.165000000000000000e+03
1.165000000000000000e+03
1.164000000000000000e+03
1.162000000000000000e+03
1.160000000000000000e+03
1.160000000000000000e+03
1.160000000000000000e+03
1.163000000000000000e+03
1.165000000000000000e+03
1.167000000000000000e+03
1.166000000000000000e+03
1.166000000000000000e+03
1.166000000000000000e+03
1.166000000000000000e+03
1.166000000000000000e+03
1.166000000000000000e+03
1.166000000000000000e+03
1.166000000000000000e+03
1.166000000000000000e+03
1.166000000000000000e+03
1.167000000000000000e+03
1.166000000000000000e+03
1.166000000000000000e+03
1.167000000000000000e+03
1.168000000000000000e+03
1.168000000000000000e+03
1.167000000000000000e+03
1.166000000000000000e+03
1.167000000000000000e+03
1.167000000000000000e+03
1.166000000000000000e+03
1.164000000000000000e+03
1.162000000000000000e+03
1.162000000000000000e+03
1.162000000000000000e+03
1.162000000000000000e+03
1.162000000000000000e+03
1.161000000000000000e+03
1.161000000000000000e+03
1.161000000000000000e+03
1.161000000000000000e+03
1.160000000000000000e+03
1.160000000000000000e+03
1.160000000000000000e+03
1.161000000000000000e+03
1.162000000000000000e+03
1.163000000000000000e+03
1.162000000000000000e+03
1.162000000000000000e+03
1.163000000000000000e+03
1.163000000000000000e+03
1.163000000000000000e+03
1.162000000000000000e+03
1.162000000000000000e+03
1.161000000000000000e+03
1.162000000000000000e+03
1.163000000000000000e+03
1.164000000000000000e+03
1.165000000000000000e+03
1.166000000000000000e+03
1.167000000000000000e+03
1.167000000000000000e+03
1.167000000000000000e+03
1.167000000000000000e+03
1.166000000000000000e+03
1.163000000000000000e+03
1.160000000000000000e+03
1.158000000000000000e+03
1.159000000000000000e+03
1.161000000000000000e+03
1.163000000000000000e+03
1.163000000000000000e+03
1.161000000000000000e+03
1.159000000000000000e+03
1.158000000000000000e+03
1.158000000000000000e+03
1.158000000000000000e+03
1.158000000000000000e+03
1.158000000000000000e+03
1.158000000000000000e+03
1.158000000000000000e+03
1.158000000000000000e+03
1.159000000000000000e+03
1.161000000000000000e+03
1.162000000000000000e+03
1.161000000000000000e+03
1.161000000000000000e+03
1.160000000000000000e+03
1.161000000000000000e+03
1.161000000000000000e+03
1.159000000000000000e+03
1.158000000000000000e+03
1.158000000000000000e+03
1.160000000000000000e+03
1.159000000000000000e+03
1.156000000000000000e+03
1.154000000000000000e+03
1.154000000000000000e+03
1.153000000000000000e+03
1.152000000000000000e+03
1.154000000000000000e+03
1.156000000000000000e+03
1.154000000000000000e+03
1.151000000000000000e+03
1.152000000000000000e+03
1.156000000000000000e+03
1.160000000000000000e+03
1.160000000000000000e+03
1.157000000000000000e+03
1.154000000000000000e+03
1.151000000000000000e+03
1.151000000000000000e+03
1.150000000000000000e+03
1.150000000000000000e+03
1.152000000000000000e+03
1.155000000000000000e+03
1.157000000000000000e+03
1.155000000000000000e+03
1.153000000000000000e+03
1.148000000000000000e+03
1.147000000000000000e+03
1.149000000000000000e+03
1.153000000000000000e+03
1.158000000000000000e+03
1.158000000000000000e+03
1.155000000000000000e+03
1.152000000000000000e+03
1.148000000000000000e+03
1.149000000000000000e+03
1.150000000000000000e+03
1.150000000000000000e+03
1.150000000000000000e+03
1.149000000000000000e+03
1.149000000000000000e+03
1.148000000000000000e+03
1.148000000000000000e+03
1.147000000000000000e+03
1.147000000000000000e+03
1.150000000000000000e+03
1.153000000000000000e+03
1.154000000000000000e+03
1.152000000000000000e+03
1.150000000000000000e+03
1.149000000000000000e+03
1.149000000000000000e+03
1.148000000000000000e+03
1.147000000000000000e+03
1.150000000000000000e+03
1.152000000000000000e+03
1.155000000000000000e+03
1.155000000000000000e+03
1.153000000000000000e+03
1.150000000000000000e+03
1.148000000000000000e+03
1.149000000000000000e+03
1.149000000000000000e+03
1.149000000000000000e+03
1.150000000000000000e+03
1.150000000000000000e+03
1.152000000000000000e+03
1.152000000000000000e+03
1.152000000000000000e+03
1.152000000000000000e+03
1.153000000000000000e+03
1.153000000000000000e+03
1.154000000000000000e+03
1.154000000000000000e+03
1.152000000000000000e+03
1.149000000000000000e+03
1.145000000000000000e+03
1.144000000000000000e+03
1.147000000000000000e+03
1.151000000000000000e+03
1.155000000000000000e+03
1.154000000000000000e+03
1.154000000000000000e+03
1.153000000000000000e+03
1.151000000000000000e+03
1.150000000000000000e+03
1.149000000000000000e+03
1.150000000000000000e+03
1.151000000000000000e+03
1.152000000000000000e+03
1.151000000000000000e+03
1.149000000000000000e+03
1.147000000000000000e+03
1.147000000000000000e+03
1.146000000000000000e+03
1.146000000000000000e+03
1.146000000000000000e+03
1.147000000000000000e+03
1.148000000000000000e+03
1.149000000000000000e+03
1.149000000000000000e+03
1.148000000000000000e+03
1.147000000000000000e+03
1.146000000000000000e+03
1.146000000000000000e+03
1.146000000000000000e+03
1.146000000000000000e+03
1.147000000000000000e+03
1.147000000000000000e+03
1.147000000000000000e+03
1.147000000000000000e+03
1.147000000000000000e+03
1.148000000000000000e+03
1.150000000000000000e+03
1.151000000000000000e+03
1.152000000000000000e+03
1.150000000000000000e+03
1.147000000000000000e+03
1.144000000000000000e+03
1.145000000000000000e+03
1.146000000000000000e+03
1.148000000000000000e+03
1.150000000000000000e+03
1.151000000000000000e+03
1.151000000000000000e+03
1.150000000000000000e+03
1.149000000000000000e+03
1.148000000000000000e+03
1.148000000000000000e+03
1.148000000000000000e+03
1.151000000000000000e+03
1.154000000000000000e+03
1.152000000000000000e+03
1.147000000000000000e+03
1.143000000000000000e+03
1.145000000000000000e+03
1.147000000000000000e+03
1.148000000000000000e+03
1.147000000000000000e+03
1.148000000000000000e+03
1.150000000000000000e+03
1.151000000000000000e+03
1.151000000000000000e+03
1.149000000000000000e+03
1.147000000000000000e+03
1.146000000000000000e+03
1.147000000000000000e+03
1.148000000000000000e+03
1.149000000000000000e+03
1.149000000000000000e+03
1.149000000000000000e+03
1.147000000000000000e+03
1.146000000000000000e+03
1.145000000000000000e+03
1.146000000000000000e+03
1.147000000000000000e+03
1.147000000000000000e+03
1.147000000000000000e+03
1.148000000000000000e+03
1.148000000000000000e+03
1.148000000000000000e+03
1.147000000000000000e+03
1.146000000000000000e+03
1.145000000000000000e+03
1.144000000000000000e+03
1.144000000000000000e+03
1.144000000000000000e+03
1.146000000000000000e+03
1.148000000000000000e+03
1.150000000000000000e+03
1.151000000000000000e+03
1.151000000000000000e+03
1.150000000000000000e+03
1.152000000000000000e+03
1.153000000000000000e+03
1.154000000000000000e+03
1.154000000000000000e+03
1.155000000000000000e+03
1.151000000000000000e+03
1.146000000000000000e+03
1.143000000000000000e+03
1.145000000000000000e+03
1.148000000000000000e+03
1.151000000000000000e+03
1.152000000000000000e+03
1.151000000000000000e+03
1.149000000000000000e+03
1.149000000000000000e+03
1.149000000000000000e+03
1.150000000000000000e+03
1.149000000000000000e+03
1.148000000000000000e+03
1.148000000000000000e+03
1.148000000000000000e+03
1.146000000000000000e+03
1.145000000000000000e+03
1.144000000000000000e+03
1.145000000000000000e+03
1.147000000000000000e+03
1.150000000000000000e+03
1.153000000000000000e+03
1.156000000000000000e+03
1.155000000000000000e+03
1.151000000000000000e+03
1.149000000000000000e+03
1.147000000000000000e+03
1.147000000000000000e+03
1.147000000000000000e+03
1.147000000000000000e+03
1.148000000000000000e+03
1.148000000000000000e+03
1.148000000000000000e+03
1.148000000000000000e+03
1.149000000000000000e+03
1.149000000000000000e+03
1.149000000000000000e+03
1.149000000000000000e+03
1.150000000000000000e+03
1.151000000000000000e+03
1.152000000000000000e+03
1.153000000000000000e+03
1.154000000000000000e+03
1.155000000000000000e+03
1.156000000000000000e+03
1.156000000000000000e+03
1.156000000000000000e+03
1.155000000000000000e+03
1.153000000000000000e+03
1.151000000000000000e+03
1.149000000000000000e+03
1.150000000000000000e+03
1.150000000000000000e+03
1.150000000000000000e+03
1.149000000000000000e+03
1.149000000000000000e+03
1.149000000000000000e+03
1.149000000000000000e+03
1.151000000000000000e+03
1.155000000000000000e+03
1.159000000000000000e+03
1.160000000000000000e+03
1.158000000000000000e+03
1.155000000000000000e+03
1.154000000000000000e+03
1.153000000000000000e+03
1.154000000000000000e+03
1.154000000000000000e+03
1.153000000000000000e+03
1.154000000000000000e+03
1.156000000000000000e+03
1.158000000000000000e+03
1.159000000000000000e+03
1.160000000000000000e+03
1.161000000000000000e+03
1.160000000000000000e+03
1.159000000000000000e+03
1.158000000000000000e+03
1.158000000000000000e+03
1.159000000000000000e+03
1.159000000000000000e+03
1.160000000000000000e+03
1.160000000000000000e+03
1.159000000000000000e+03
1.159000000000000000e+03
1.159000000000000000e+03
1.159000000000000000e+03
1.160000000000000000e+03
1.161000000000000000e+03
1.161000000000000000e+03
1.160000000000000000e+03
1.160000000000000000e+03
1.159000000000000000e+03
1.159000000000000000e+03
1.160000000000000000e+03
1.160000000000000000e+03
1.161000000000000000e+03
1.161000000000000000e+03
1.162000000000000000e+03
1.162000000000000000e+03
1.162000000000000000e+03
1.163000000000000000e+03
1.163000000000000000e+03
1.164000000000000000e+03
1.165000000000000000e+03
1.167000000000000000e+03
1.169000000000000000e+03
1.170000000000000000e+03
1.167000000000000000e+03
1.166000000000000000e+03
1.167000000000000000e+03
1.169000000000000000e+03
1.170000000000000000e+03
1.169000000000000000e+03
1.169000000000000000e+03
1.169000000000000000e+03
1.168000000000000000e+03
1.168000000000000000e+03
1.168000000000000000e+03
1.169000000000000000e+03
1.169000000000000000e+03
1.168000000000000000e+03
1.167000000000000000e+03
1.168000000000000000e+03
1.168000000000000000e+03
1.168000000000000000e+03
1.169000000000000000e+03
1.170000000000000000e+03
1.170000000000000000e+03
1.169000000000000000e+03
1.170000000000000000e+03
1.172000000000000000e+03
1.173000000000000000e+03
1.174000000000000000e+03
1.174000000000000000e+03
1.171000000000000000e+03
1.168000000000000000e+03
1.169000000000000000e+03
1.173000000000000000e+03
1.178000000000000000e+03
1.180000000000000000e+03
1.179000000000000000e+03
1.178000000000000000e+03
1.177000000000000000e+03
1.176000000000000000e+03
1.176000000000000000e+03
1.175000000000000000e+03
1.174000000000000000e+03
1.175000000000000000e+03
1.176000000000000000e+03
1.177000000000000000e+03
1.177000000000000000e+03
1.178000000000000000e+03
1.179000000000000000e+03
1.182000000000000000e+03
1.185000000000000000e+03
1.187000000000000000e+03
1.185000000000000000e+03
1.182000000000000000e+03
1.181000000000000000e+03
1.183000000000000000e+03
1.185000000000000000e+03
1.187000000000000000e+03
1.187000000000000000e+03
1.187000000000000000e+03
1.184000000000000000e+03
1.181000000000000000e+03
1.180000000000000000e+03
1.183000000000000000e+03
1.186000000000000000e+03
1.187000000000000000e+03
1.187000000000000000e+03
1.188000000000000000e+03
1.188000000000000000e+03
1.187000000000000000e+03
1.186000000000000000e+03
1.186000000000000000e+03
1.187000000000000000e+03
1.187000000000000000e+03
1.187000000000000000e+03
1.188000000000000000e+03
1.190000000000000000e+03
1.192000000000000000e+03
1.192000000000000000e+03
1.191000000000000000e+03
1.192000000000000000e+03
1.192000000000000000e+03
1.190000000000000000e+03
1.187000000000000000e+03
1.186000000000000000e+03
1.185000000000000000e+03
1.186000000000000000e+03
1.187000000000000000e+03
1.187000000000000000e+03
1.187000000000000000e+03
1.188000000000000000e+03
1.188000000000000000e+03
1.188000000000000000e+03
1.191000000000000000e+03
1.194000000000000000e+03
1.198000000000000000e+03
1.199000000000000000e+03
1.198000000000000000e+03
1.194000000000000000e+03
1.190000000000000000e+03
1.188000000000000000e+03
1.188000000000000000e+03
1.189000000000000000e+03
1.190000000000000000e+03
1.191000000000000000e+03
1.190000000000000000e+03
1.190000000000000000e+03
1.191000000000000000e+03
1.191000000000000000e+03
1.192000000000000000e+03
1.194000000000000000e+03
1.195000000000000000e+03
1.195000000000000000e+03
1.194000000000000000e+03
1.192000000000000000e+03
1.190000000000000000e+03
1.189000000000000000e+03
1.190000000000000000e+03
1.191000000000000000e+03
1.192000000000000000e+03
1.192000000000000000e+03
1.192000000000000000e+03
1.192000000000000000e+03
1.192000000000000000e+03
1.191000000000000000e+03
1.190000000000000000e+03
1.190000000000000000e+03
1.190000000000000000e+03
1.189000000000000000e+03
1.188000000000000000e+03
1.188000000000000000e+03
1.192000000000000000e+03
1.195000000000000000e+03
1.197000000000000000e+03
1.196000000000000000e+03
1.195000000000000000e+03
1.196000000000000000e+03
1.197000000000000000e+03
1.196000000000000000e+03
1.194000000000000000e+03
1.192000000000000000e+03
1.192000000000000000e+03
1.193000000000000000e+03
1.192000000000000000e+03
1.190000000000000000e+03
1.189000000000000000e+03
1.188000000000000000e+03
1.186000000000000000e+03
1.183000000000000000e+03
1.183000000000000000e+03
1.185000000000000000e+03
1.188000000000000000e+03
1.191000000000000000e+03
1.191000000000000000e+03
1.189000000000000000e+03
1.188000000000000000e+03
1.188000000000000000e+03
1.189000000000000000e+03
1.190000000000000000e+03
1.190000000000000000e+03
1.189000000000000000e+03
1.188000000000000000e+03
1.186000000000000000e+03
1.186000000000000000e+03
1.186000000000000000e+03
1.186000000000000000e+03
1.186000000000000000e+03
1.186000000000000000e+03
1.185000000000000000e+03
1.185000000000000000e+03
1.185000000000000000e+03
1.187000000000000000e+03
1.190000000000000000e+03
1.191000000000000000e+03
1.191000000000000000e+03
1.194000000000000000e+03
1.197000000000000000e+03
1.196000000000000000e+03
1.192000000000000000e+03
1.189000000000000000e+03
1.188000000000000000e+03
1.188000000000000000e+03
1.189000000000000000e+03
1.189000000000000000e+03
1.191000000000000000e+03
1.192000000000000000e+03
1.194000000000000000e+03
1.195000000000000000e+03
1.195000000000000000e+03
1.194000000000000000e+03
1.193000000000000000e+03
1.193000000000000000e+03
1.192000000000000000e+03
1.192000000000000000e+03
1.193000000000000000e+03
1.194000000000000000e+03
1.195000000000000000e+03
1.197000000000000000e+03
1.197000000000000000e+03
1.195000000000000000e+03
1.193000000000000000e+03
1.191000000000000000e+03
1.190000000000000000e+03
1.191000000000000000e+03
1.192000000000000000e+03
1.193000000000000000e+03
1.195000000000000000e+03
1.195000000000000000e+03
1.195000000000000000e+03
1.196000000000000000e+03
1.196000000000000000e+03
1.196000000000000000e+03
1.197000000000000000e+03
1.196000000000000000e+03
1.196000000000000000e+03
1.195000000000000000e+03
1.194000000000000000e+03
1.194000000000000000e+03
1.194000000000000000e+03
1.194000000000000000e+03
1.196000000000000000e+03
1.198000000000000000e+03
1.198000000000000000e+03
1.195000000000000000e+03
1.191000000000000000e+03
1.189000000000000000e+03
1.189000000000000000e+03
1.188000000000000000e+03
1.188000000000000000e+03
1.189000000000000000e+03
1.191000000000000000e+03
1.194000000000000000e+03
1.195000000000000000e+03
1.195000000000000000e+03
1.194000000000000000e+03
1.190000000000000000e+03
1.188000000000000000e+03
1.186000000000000000e+03
1.187000000000000000e+03
1.188000000000000000e+03
1.188000000000000000e+03
1.188000000000000000e+03
1.188000000000000000e+03
1.190000000000000000e+03
1.191000000000000000e+03
1.192000000000000000e+03
1.191000000000000000e+03
1.192000000000000000e+03
1.192000000000000000e+03
1.193000000000000000e+03
1.194000000000000000e+03
1.194000000000000000e+03
1.192000000000000000e+03
1.191000000000000000e+03
1.188000000000000000e+03
1.187000000000000000e+03
1.187000000000000000e+03
1.190000000000000000e+03
1.194000000000000000e+03
1.198000000000000000e+03
1.199000000000000000e+03
1.197000000000000000e+03
1.196000000000000000e+03
1.195000000000000000e+03
1.193000000000000000e+03
1.192000000000000000e+03
1.191000000000000000e+03
1.190000000000000000e+03
1.192000000000000000e+03
1.194000000000000000e+03
1.196000000000000000e+03
1.195000000000000000e+03
1.195000000000000000e+03
1.194000000000000000e+03
1.194000000000000000e+03
1.194000000000000000e+03
1.194000000000000000e+03
1.195000000000000000e+03
1.195000000000000000e+03
1.195000000000000000e+03
1.195000000000000000e+03
1.195000000000000000e+03
1.195000000000000000e+03
1.194000000000000000e+03
1.193000000000000000e+03
1.192000000000000000e+03
1.194000000000000000e+03
1.197000000000000000e+03
1.199000000000000000e+03
1.199000000000000000e+03
1.199000000000000000e+03
1.198000000000000000e+03
1.196000000000000000e+03
1.195000000000000000e+03
1.194000000000000000e+03
1.195000000000000000e+03
1.195000000000000000e+03
1.195000000000000000e+03
1.196000000000000000e+03
1.197000000000000000e+03
1.198000000000000000e+03
1.199000000000000000e+03
1.197000000000000000e+03
1.194000000000000000e+03
1.192000000000000000e+03
1.191000000000000000e+03
1.193000000000000000e+03
1.196000000000000000e+03
1.197000000000000000e+03
1.197000000000000000e+03
1.196000000000000000e+03
1.196000000000000000e+03
1.195000000000000000e+03
1.197000000000000000e+03
1.199000000000000000e+03
1.201000000000000000e+03
1.201000000000000000e+03
1.200000000000000000e+03
1.199000000000000000e+03
1.197000000000000000e+03
1.199000000000000000e+03
1.201000000000000000e+03
1.203000000000000000e+03
1.203000000000000000e+03
1.204000000000000000e+03
1.204000000000000000e+03
1.203000000000000000e+03
1.202000000000000000e+03
1.202000000000000000e+03
1.202000000000000000e+03
1.202000000000000000e+03
1.202000000000000000e+03
1.201000000000000000e+03
1.202000000000000000e+03
1.202000000000000000e+03
1.202000000000000000e+03
1.202000000000000000e+03
1.202000000000000000e+03
1.202000000000000000e+03
1.202000000000000000e+03
1.201000000000000000e+03
1.201000000000000000e+03
1.200000000000000000e+03
1.202000000000000000e+03
1.203000000000000000e+03
1.203000000000000000e+03
1.202000000000000000e+03
1.201000000000000000e+03
1.203000000000000000e+03
1.204000000000000000e+03
1.206000000000000000e+03
1.205000000000000000e+03
1.204000000000000000e+03
1.203000000000000000e+03
1.202000000000000000e+03
1.202000000000000000e+03
1.202000000000000000e+03
1.205000000000000000e+03
1.206000000000000000e+03
1.207000000000000000e+03
1.207000000000000000e+03
1.207000000000000000e+03
1.207000000000000000e+03
1.207000000000000000e+03
1.208000000000000000e+03
1.209000000000000000e+03
1.210000000000000000e+03
1.209000000000000000e+03
1.209000000000000000e+03
1.209000000000000000e+03
1.212000000000000000e+03
1.214000000000000000e+03
1.216000000000000000e+03
1.216000000000000000e+03
1.216000000000000000e+03
1.216000000000000000e+03
1.217000000000000000e+03
1.217000000000000000e+03
1.217000000000000000e+03
1.216000000000000000e+03
1.215000000000000000e+03
1.215000000000000000e+03
1.215000000000000000e+03
1.213000000000000000e+03
1.212000000000000000e+03
1.209000000000000000e+03
1.209000000000000000e+03
1.209000000000000000e+03
1.212000000000000000e+03
1.215000000000000000e+03
1.217000000000000000e+03
1.217000000000000000e+03
1.217000000000000000e+03
1.216000000000000000e+03
1.214000000000000000e+03
1.213000000000000000e+03
1.213000000000000000e+03
1.213000000000000000e+03
1.214000000000000000e+03
1.214000000000000000e+03
1.216000000000000000e+03
1.218000000000000000e+03
1.219000000000000000e+03
1.218000000000000000e+03
1.218000000000000000e+03
1.221000000000000000e+03
1.222000000000000000e+03
1.223000000000000000e+03
1.223000000000000000e+03
1.223000000000000000e+03
1.223000000000000000e+03
1.224000000000000000e+03
1.224000000000000000e+03
1.225000000000000000e+03
1.225000000000000000e+03
1.226000000000000000e+03
1.226000000000000000e+03
1.226000000000000000e+03
1.225000000000000000e+03
1.224000000000000000e+03
1.224000000000000000e+03
1.225000000000000000e+03
1.225000000000000000e+03
1.225000000000000000e+03
1.225000000000000000e+03
1.226000000000000000e+03
1.227000000000000000e+03
1.227000000000000000e+03
1.228000000000000000e+03
1.227000000000000000e+03
1.225000000000000000e+03
1.224000000000000000e+03
1.224000000000000000e+03
1.225000000000000000e+03
1.228000000000000000e+03
1.231000000000000000e+03
1.232000000000000000e+03
1.232000000000000000e+03
1.232000000000000000e+03
1.231000000000000000e+03
1.231000000000000000e+03
1.232000000000000000e+03
1.232000000000000000e+03
1.231000000000000000e+03
1.231000000000000000e+03
1.232000000000000000e+03
1.234000000000000000e+03
1.235000000000000000e+03
1.235000000000000000e+03
1.235000000000000000e+03
1.235000000000000000e+03
1.235000000000000000e+03
1.235000000000000000e+03
1.235000000000000000e+03
1.235000000000000000e+03
1.234000000000000000e+03
1.234000000000000000e+03
1.234000000000000000e+03
1.234000000000000000e+03
1.234000000000000000e+03
1.235000000000000000e+03
1.236000000000000000e+03
1.240000000000000000e+03
1.244000000000000000e+03
1.246000000000000000e+03
1.245000000000000000e+03
1.242000000000000000e+03
1.241000000000000000e+03
1.239000000000000000e+03
1.238000000000000000e+03
1.239000000000000000e+03
1.242000000000000000e+03
1.244000000000000000e+03
1.243000000000000000e+03
1.242000000000000000e+03
1.242000000000000000e+03
1.242000000000000000e+03
1.243000000000000000e+03
1.244000000000000000e+03
1.245000000000000000e+03
1.245000000000000000e+03
1.248000000000000000e+03
1.250000000000000000e+03
1.252000000000000000e+03
1.253000000000000000e+03
1.251000000000000000e+03
1.248000000000000000e+03
1.245000000000000000e+03
1.245000000000000000e+03
1.246000000000000000e+03
1.246000000000000000e+03
1.247000000000000000e+03
1.249000000000000000e+03
1.251000000000000000e+03
1.251000000000000000e+03
1.251000000000000000e+03
1.252000000000000000e+03
1.255000000000000000e+03
1.258000000000000000e+03
1.260000000000000000e+03
1.259000000000000000e+03
1.260000000000000000e+03
1.261000000000000000e+03
1.261000000000000000e+03
1.260000000000000000e+03
1.259000000000000000e+03
1.259000000000000000e+03
1.259000000000000000e+03
1.259000000000000000e+03
1.260000000000000000e+03
1.261000000000000000e+03
1.259000000000000000e+03
1.257000000000000000e+03
1.256000000000000000e+03
1.259000000000000000e+03
1.262000000000000000e+03
1.263000000000000000e+03
1.263000000000000000e+03
1.263000000000000000e+03
1.263000000000000000e+03
1.264000000000000000e+03
1.265000000000000000e+03
1.265000000000000000e+03
1.265000000000000000e+03
1.265000000000000000e+03
1.265000000000000000e+03
1.265000000000000000e+03
1.267000000000000000e+03
1.268000000000000000e+03
1.269000000000000000e+03
1.270000000000000000e+03
1.271000000000000000e+03
1.271000000000000000e+03
1.270000000000000000e+03
1.269000000000000000e+03
1.269000000000000000e+03
1.269000000000000000e+03
1.271000000000000000e+03
1.272000000000000000e+03
1.274000000000000000e+03
1.274000000000000000e+03
1.274000000000000000e+03
1.273000000000000000e+03
1.271000000000000000e+03
1.269000000000000000e+03
1.269000000000000000e+03
1.272000000000000000e+03
1.275000000000000000e+03
1.277000000000000000e+03
1.276000000000000000e+03
1.276000000000000000e+03
1.276000000000000000e+03
1.279000000000000000e+03
1.280000000000000000e+03
1.281000000000000000e+03
1.280000000000000000e+03
1.281000000000000000e+03
1.281000000000000000e+03
1.282000000000000000e+03
1.281000000000000000e+03
1.281000000000000000e+03
1.280000000000000000e+03
1.280000000000000000e+03
1.279000000000000000e+03
1.279000000000000000e+03
1.280000000000000000e+03
1.281000000000000000e+03
1.283000000000000000e+03
1.283000000000000000e+03
1.284000000000000000e+03
1.284000000000000000e+03
1.285000000000000000e+03
1.285000000000000000e+03
1.284000000000000000e+03
1.283000000000000000e+03
1.283000000000000000e+03
1.284000000000000000e+03
1.284000000000000000e+03
1.283000000000000000e+03
1.280000000000000000e+03
1.278000000000000000e+03
1.275000000000000000e+03
1.273000000000000000e+03
1.272000000000000000e+03
1.272000000000000000e+03
1.277000000000000000e+03
1.281000000000000000e+03
1.285000000000000000e+03
1.285000000000000000e+03
1.285000000000000000e+03
1.286000000000000000e+03
1.286000000000000000e+03
1.287000000000000000e+03
1.289000000000000000e+03
1.290000000000000000e+03
1.289000000000000000e+03
1.289000000000000000e+03
1.290000000000000000e+03
1.289000000000000000e+03
1.288000000000000000e+03
1.286000000000000000e+03
1.288000000000000000e+03
1.289000000000000000e+03
1.291000000000000000e+03
1.292000000000000000e+03
1.289000000000000000e+03
1.286000000000000000e+03
1.282000000000000000e+03
1.282000000000000000e+03
1.281000000000000000e+03
1.280000000000000000e+03
1.280000000000000000e+03
1.280000000000000000e+03
1.281000000000000000e+03
1.280000000000000000e+03
1.280000000000000000e+03
1.279000000000000000e+03
1.280000000000000000e+03
1.283000000000000000e+03
1.286000000000000000e+03
1.288000000000000000e+03
1.288000000000000000e+03
1.288000000000000000e+03
1.288000000000000000e+03
1.290000000000000000e+03
1.291000000000000000e+03
1.291000000000000000e+03
1.289000000000000000e+03
1.286000000000000000e+03
1.285000000000000000e+03
1.284000000000000000e+03
1.283000000000000000e+03
1.284000000000000000e+03
1.283000000000000000e+03
1.282000000000000000e+03
1.283000000000000000e+03
1.285000000000000000e+03
1.288000000000000000e+03
1.289000000000000000e+03
1.293000000000000000e+03
1.296000000000000000e+03
1.294000000000000000e+03
1.290000000000000000e+03
1.286000000000000000e+03
1.285000000000000000e+03
1.285000000000000000e+03
1.284000000000000000e+03
1.285000000000000000e+03
1.285000000000000000e+03
1.283000000000000000e+03
1.280000000000000000e+03
1.281000000000000000e+03
1.284000000000000000e+03
1.286000000000000000e+03
1.285000000000000000e+03
1.281000000000000000e+03
1.280000000000000000e+03
1.278000000000000000e+03
1.280000000000000000e+03
1.281000000000000000e+03
1.282000000000000000e+03
1.282000000000000000e+03
1.283000000000000000e+03
1.283000000000000000e+03
1.282000000000000000e+03
1.281000000000000000e+03
1.282000000000000000e+03
1.285000000000000000e+03
1.285000000000000000e+03
1.283000000000000000e+03
1.282000000000000000e+03
1.283000000000000000e+03
1.284000000000000000e+03
1.284000000000000000e+03
1.281000000000000000e+03
1.278000000000000000e+03
1.275000000000000000e+03
1.276000000000000000e+03
1.279000000000000000e+03
1.281000000000000000e+03
1.284000000000000000e+03
1.285000000000000000e+03
1.286000000000000000e+03
1.286000000000000000e+03
1.288000000000000000e+03
1.288000000000000000e+03
1.285000000000000000e+03
1.282000000000000000e+03
1.278000000000000000e+03
1.279000000000000000e+03
1.279000000000000000e+03
1.279000000000000000e+03
1.279000000000000000e+03
1.280000000000000000e+03
1.282000000000000000e+03
1.284000000000000000e+03
1.285000000000000000e+03
1.285000000000000000e+03
1.285000000000000000e+03
1.283000000000000000e+03
1.282000000000000000e+03
1.282000000000000000e+03
1.280000000000000000e+03
1.278000000000000000e+03
1.275000000000000000e+03
1.275000000000000000e+03
1.274000000000000000e+03
1.274000000000000000e+03
1.275000000000000000e+03
1.277000000000000000e+03
1.279000000000000000e+03
1.280000000000000000e+03
1.281000000000000000e+03
1.282000000000000000e+03
1.283000000000000000e+03
1.283000000000000000e+03
1.282000000000000000e+03
1.280000000000000000e+03
1.279000000000000000e+03
1.279000000000000000e+03
1.279000000000000000e+03
1.280000000000000000e+03
1.280000000000000000e+03
1.279000000000000000e+03
1.277000000000000000e+03
1.274000000000000000e+03
1.274000000000000000e+03
1.274000000000000000e+03
1.276000000000000000e+03
1.279000000000000000e+03
1.280000000000000000e+03
1.279000000000000000e+03
1.277000000000000000e+03
1.276000000000000000e+03
1.277000000000000000e+03
1.279000000000000000e+03
1.278000000000000000e+03
1.276000000000000000e+03
1.273000000000000000e+03
1.273000000000000000e+03
1.272000000000000000e+03
1.273000000000000000e+03
1.275000000000000000e+03
1.277000000000000000e+03
1.279000000000000000e+03
1.275000000000000000e+03
1.272000000000000000e+03
1.271000000000000000e+03
1.277000000000000000e+03
1.283000000000000000e+03
1.284000000000000000e+03
1.282000000000000000e+03
1.281000000000000000e+03
1.282000000000000000e+03
1.279000000000000000e+03
1.275000000000000000e+03
1.271000000000000000e+03
1.270000000000000000e+03
1.270000000000000000e+03
1.270000000000000000e+03
1.272000000000000000e+03
1.274000000000000000e+03
1.276000000000000000e+03
1.276000000000000000e+03
1.277000000000000000e+03
1.278000000000000000e+03
1.280000000000000000e+03
1.280000000000000000e+03
1.281000000000000000e+03
1.278000000000000000e+03
1.275000000000000000e+03
1.272000000000000000e+03
1.272000000000000000e+03
1.274000000000000000e+03
1.276000000000000000e+03
1.274000000000000000e+03
1.271000000000000000e+03
1.268000000000000000e+03
1.268000000000000000e+03
1.269000000000000000e+03
1.271000000000000000e+03
1.274000000000000000e+03
1.276000000000000000e+03
1.279000000000000000e+03
1.279000000000000000e+03
1.279000000000000000e+03
1.277000000000000000e+03
1.276000000000000000e+03
1.275000000000000000e+03
1.274000000000000000e+03
1.272000000000000000e+03
1.271000000000000000e+03
1.271000000000000000e+03
1.271000000000000000e+03
1.270000000000000000e+03
1.269000000000000000e+03
1.268000000000000000e+03
1.268000000000000000e+03
1.268000000000000000e+03
1.267000000000000000e+03
1.265000000000000000e+03
1.266000000000000000e+03
1.269000000000000000e+03
1.272000000000000000e+03
1.272000000000000000e+03
1.272000000000000000e+03
1.272000000000000000e+03
1.272000000000000000e+03
1.272000000000000000e+03
1.272000000000000000e+03
1.273000000000000000e+03
1.274000000000000000e+03
1.274000000000000000e+03
1.274000000000000000e+03
1.274000000000000000e+03
1.272000000000000000e+03
1.269000000000000000e+03
1.267000000000000000e+03
1.266000000000000000e+03
1.266000000000000000e+03
1.265000000000000000e+03
1.265000000000000000e+03
1.265000000000000000e+03
1.266000000000000000e+03
1.267000000000000000e+03
1.268000000000000000e+03
1.268000000000000000e+03
1.268000000000000000e+03
1.268000000000000000e+03
1.269000000000000000e+03
1.272000000000000000e+03
1.275000000000000000e+03
1.277000000000000000e+03
1.276000000000000000e+03
1.275000000000000000e+03
1.274000000000000000e+03
1.273000000000000000e+03
1.273000000000000000e+03
1.271000000000000000e+03
1.269000000000000000e+03
1.268000000000000000e+03
1.268000000000000000e+03
1.270000000000000000e+03
1.271000000000000000e+03
1.272000000000000000e+03
1.272000000000000000e+03
1.271000000000000000e+03
1.272000000000000000e+03
1.273000000000000000e+03
1.273000000000000000e+03
1.272000000000000000e+03
1.270000000000000000e+03
1.270000000000000000e+03
1.271000000000000000e+03
1.270000000000000000e+03
1.270000000000000000e+03
1.269000000000000000e+03
1.269000000000000000e+03
1.270000000000000000e+03
1.270000000000000000e+03
1.269000000000000000e+03
1.267000000000000000e+03
1.266000000000000000e+03
1.266000000000000000e+03
1.266000000000000000e+03
1.266000000000000000e+03
1.267000000000000000e+03
1.267000000000000000e+03
1.266000000000000000e+03
1.266000000000000000e+03
1.265000000000000000e+03
1.265000000000000000e+03
1.267000000000000000e+03
1.269000000000000000e+03
1.270000000000000000e+03
1.270000000000000000e+03
1.270000000000000000e+03
1.268000000000000000e+03
1.267000000000000000e+03
1.265000000000000000e+03
1.265000000000000000e+03
1.264000000000000000e+03
1.264000000000000000e+03
1.266000000000000000e+03
1.268000000000000000e+03
1.271000000000000000e+03
1.272000000000000000e+03
1.269000000000000000e+03
1.266000000000000000e+03
1.265000000000000000e+03
1.268000000000000000e+03
1.270000000000000000e+03
1.269000000000000000e+03
1.268000000000000000e+03
1.268000000000000000e+03
1.267000000000000000e+03
1.267000000000000000e+03
1.266000000000000000e+03
1.265000000000000000e+03
1.265000000000000000e+03
1.265000000000000000e+03
1.265000000000000000e+03
1.266000000000000000e+03
1.267000000000000000e+03
1.267000000000000000e+03
1.268000000000000000e+03
1.268000000000000000e+03
1.268000000000000000e+03
1.267000000000000000e+03
1.267000000000000000e+03
1.267000000000000000e+03
1.267000000000000000e+03
1.266000000000000000e+03
1.264000000000000000e+03
1.265000000000000000e+03
1.265000000000000000e+03
1.264000000000000000e+03
1.263000000000000000e+03
1.264000000000000000e+03
1.267000000000000000e+03
1.269000000000000000e+03
1.271000000000000000e+03
1.271000000000000000e+03
1.269000000000000000e+03
1.263000000000000000e+03
1.259000000000000000e+03
1.258000000000000000e+03
1.261000000000000000e+03
1.264000000000000000e+03
1.264000000000000000e+03
1.264000000000000000e+03
1.265000000000000000e+03
1.266000000000000000e+03
1.266000000000000000e+03
1.266000000000000000e+03
1.265000000000000000e+03
1.264000000000000000e+03
1.264000000000000000e+03
1.264000000000000000e+03
1.264000000000000000e+03
1.264000000000000000e+03
1.264000000000000000e+03
1.265000000000000000e+03
1.265000000000000000e+03
1.266000000000000000e+03
1.266000000000000000e+03
1.267000000000000000e+03
1.268000000000000000e+03
1.270000000000000000e+03
1.272000000000000000e+03
1.273000000000000000e+03
1.271000000000000000e+03
1.268000000000000000e+03
1.265000000000000000e+03
1.262000000000000000e+03
1.259000000000000000e+03
1.260000000000000000e+03
1.263000000000000000e+03
1.266000000000000000e+03
1.265000000000000000e+03
1.265000000000000000e+03
1.265000000000000000e+03
1.265000000000000000e+03
1.264000000000000000e+03
1.264000000000000000e+03
1.263000000000000000e+03
1.263000000000000000e+03
1.265000000000000000e+03
1.267000000000000000e+03
1.269000000000000000e+03
1.266000000000000000e+03
1.264000000000000000e+03
1.263000000000000000e+03
1.262000000000000000e+03
1.262000000000000000e+03
1.262000000000000000e+03
1.262000000000000000e+03
1.262000000000000000e+03
1.262000000000000000e+03
1.262000000000000000e+03
1.261000000000000000e+03
1.261000000000000000e+03
1.261000000000000000e+03
1.261000000000000000e+03
1.261000000000000000e+03
1.260000000000000000e+03
1.260000000000000000e+03
1.260000000000000000e+03
1.260000000000000000e+03
1.262000000000000000e+03
1.264000000000000000e+03
1.267000000000000000e+03
1.266000000000000000e+03
1.264000000000000000e+03
1.262000000000000000e+03
1.262000000000000000e+03
1.262000000000000000e+03
1.264000000000000000e+03
1.266000000000000000e+03
1.266000000000000000e+03
1.266000000000000000e+03
1.265000000000000000e+03
1.264000000000000000e+03
1.262000000000000000e+03
1.259000000000000000e+03
1.259000000000000000e+03
1.259000000000000000e+03
1.260000000000000000e+03
1.261000000000000000e+03
1.263000000000000000e+03
1.263000000000000000e+03
1.263000000000000000e+03
1.262000000000000000e+03
1.261000000000000000e+03
1.260000000000000000e+03
1.258000000000000000e+03
1.257000000000000000e+03
1.256000000000000000e+03
1.256000000000000000e+03
1.257000000000000000e+03
1.258000000000000000e+03
1.259000000000000000e+03
1.260000000000000000e+03
1.261000000000000000e+03
1.260000000000000000e+03
1.258000000000000000e+03
1.257000000000000000e+03
1.257000000000000000e+03
1.255000000000000000e+03
1.254000000000000000e+03
1.253000000000000000e+03
1.253000000000000000e+03
1.253000000000000000e+03
1.254000000000000000e+03
1.254000000000000000e+03
1.255000000000000000e+03
1.255000000000000000e+03
1.254000000000000000e+03
1.252000000000000000e+03
1.252000000000000000e+03
1.253000000000000000e+03
1.255000000000000000e+03
1.257000000000000000e+03
1.258000000000000000e+03
1.259000000000000000e+03
1.258000000000000000e+03
1.257000000000000000e+03
1.256000000000000000e+03
1.257000000000000000e+03
1.258000000000000000e+03
1.259000000000000000e+03
1.259000000000000000e+03
1.260000000000000000e+03
1.260000000000000000e+03
1.262000000000000000e+03
1.262000000000000000e+03
1.264000000000000000e+03
1.265000000000000000e+03
1.266000000000000000e+03
1.266000000000000000e+03
1.262000000000000000e+03
1.258000000000000000e+03
1.255000000000000000e+03
1.255000000000000000e+03
1.252000000000000000e+03
1.249000000000000000e+03
1.248000000000000000e+03
1.250000000000000000e+03
1.252000000000000000e+03
1.253000000000000000e+03
1.255000000000000000e+03
1.257000000000000000e+03
1.258000000000000000e+03
1.256000000000000000e+03
1.254000000000000000e+03
1.253000000000000000e+03
1.253000000000000000e+03
1.253000000000000000e+03
1.253000000000000000e+03
1.252000000000000000e+03
1.250000000000000000e+03
1.249000000000000000e+03
1.249000000000000000e+03
1.250000000000000000e+03
1.250000000000000000e+03
1.250000000000000000e+03
1.253000000000000000e+03
1.255000000000000000e+03
1.256000000000000000e+03
1.255000000000000000e+03
1.254000000000000000e+03
1.255000000000000000e+03
1.255000000000000000e+03
1.256000000000000000e+03
1.256000000000000000e+03
1.256000000000000000e+03
1.257000000000000000e+03
1.259000000000000000e+03
1.260000000000000000e+03
1.260000000000000000e+03
1.260000000000000000e+03
1.260000000000000000e+03
1.258000000000000000e+03
1.255000000000000000e+03
1.254000000000000000e+03
1.253000000000000000e+03
1.253000000000000000e+03
1.253000000000000000e+03
1.252000000000000000e+03
1.251000000000000000e+03
1.252000000000000000e+03
1.253000000000000000e+03
1.255000000000000000e+03
1.254000000000000000e+03
1.251000000000000000e+03
1.248000000000000000e+03
1.246000000000000000e+03
1.245000000000000000e+03
1.245000000000000000e+03
1.247000000000000000e+03
1.250000000000000000e+03
1.252000000000000000e+03
1.251000000000000000e+03
1.251000000000000000e+03
1.250000000000000000e+03
1.249000000000000000e+03
1.247000000000000000e+03
1.248000000000000000e+03
1.249000000000000000e+03
1.250000000000000000e+03
1.249000000000000000e+03
1.249000000000000000e+03
1.248000000000000000e+03
1.248000000000000000e+03
1.247000000000000000e+03
1.245000000000000000e+03
